1 0.8571428571428548 0.5114285714285713 0.07285714285714522 0.08285714285714448
1 0.10071428571428571 0.6007142857142856 0.07285714285714287 0.09
1 0.10071428571428571 0.6007142857142856 0.07285714285714287 0.09
1 0.09964285714285712 0.7842857142857141 0.07500000000000005 0.09428571428571426
1 0.09964285714285712 0.692857142857143 0.07500000000000005 0.09428571428571426
1 0.16928571428571423 0.5964285714285714 0.06857142857142863 0.08714285714285727
1 0.16928571428571423 0.6921428571428572 0.06857142857142863 0.08714285714285727
1 0.16874999999999993 0.782142857142857 0.06750000000000007 0.09285714285714365
1 0.23946428571428566 0.6007142857142858 0.06750000000000007 0.09285714285714365
1 0.23785714285714282 0.6928571428571427 0.06857142857142873 0.08857142857142922
1 0.2367857142857142 0.7835714285714288 0.0707142857142859 0.09285714285714385
1 0.305892857142857 0.7892857142857146 0.06750000000000017 0.09571428571428701
1 0.3085714285714284 0.695714285714286 0.06642857142857164 0.09142857142857265
1 0.3074999999999998 0.5992857142857146 0.06428571428571457 0.08714285714285835
1 0.3085714285714283 0.5071428571428573 0.06428571428571456 0.08571428571428667
1 0.3782142857142854 0.5085714285714288 0.06428571428571456 0.08571428571428667
1 0.446785714285714 0.5057142857142858 0.06428571428571456 0.08571428571428667
1 0.3771428571428569 0.5985714285714286 0.06428571428571456 0.08571428571428667
1 0.446785714285714 0.5985714285714286 0.06428571428571456 0.08571428571428667
1 0.3771428571428569 0.692857142857143 0.06428571428571456 0.08571428571428667
1 0.4457142857142854 0.692857142857143 0.06428571428571456 0.08571428571428667
1 0.37660714285714225 0.787142857142857 0.06535714285714339 0.09142857142857204
1 0.44624999999999937 0.7828571428571428 0.06535714285714339 0.09142857142857204
1 0.5158928571428563 0.787142857142857 0.06535714285714336 0.09428571428571508
1 0.5148214285714277 0.6950000000000002 0.06321428571428611 0.08714285714285838
1 0.5148214285714277 0.5992857142857144 0.06321428571428611 0.08714285714285838
1 0.5137499999999992 0.507857142857143 0.06321428571428611 0.08714285714285838
1 0.5142857142857133 0.42000000000000026 0.06428571428571478 0.08285714285714399
1 0.7885714285714261 0.6942857142857141 0.07500000000000066 0.08857142857142927
1 0.5823214285714274 0.41642857142857176 0.0653571428571439 0.0814285714285728
1 0.5833928571428557 0.5071428571428577 0.06535714285714422 0.08571428571428723
1 0.5833928571428558 0.6028571428571432 0.06321428571428696 0.08285714285714435
1 0.5844642857142843 0.6935714285714287 0.0653571428571443 0.09000000000000191
1 0.5823214285714271 0.7849999999999996 0.0653571428571443 0.0957142857142879
1 0.7210714285714275 0.6935714285714283 0.0707142857142872 0.09571428571428728
1 0.7205357142857127 0.7857142857142854 0.07178571428571588 0.09714285714285892
1 0.7896428571428556 0.7871428571428568 0.07928571428571612 0.09714285714285886
1 0.5807142857142845 0.3271428571428575 0.0664285714285725 0.08571428571428705
1 0.6498214285714277 0.3257142857142859 0.06964285714285798 0.08571428571428698
1 0.716785714285713 0.32571428571428596 0.07071428571428677 0.08857142857142966
1 0.7141071428571422 0.23999999999999994 0.07607142857142933 0.09142857142857232
1 0.7783928571428557 0.15499999999999986 0.080357142857144 0.09857142857142948
1 0.8458928571428557 0.24571428571428564 0.08678571428571548 0.09714285714285792
1 0.784285714285712 0.3285714285714284 0.07500000000000066 0.08857142857142927
1 0.7874999999999978 0.5057142857142857 0.07500000000000066 0.08857142857142927
1 0.7885714285714261 0.5985714285714284 0.07500000000000066 0.08857142857142927
1 0.8603571428571413 0.7857142857142851 0.08357142857143053 0.09714285714285886
1 0.8619642857142842 0.6935714285714283 0.08035714285714404 0.09285714285714451
1 0.859821428571427 0.6007142857142855 0.08035714285714404 0.09285714285714451
1 0.6530357142857127 0.7857142857142854 0.07178571428571588 0.09714285714285892
1 0.6524999999999984 0.6878571428571425 0.06857142857143025 0.09000000000000165
1 0.6492857142857127 0.599285714285714 0.06857142857143025 0.09000000000000165
1 0.6524999999999984 0.5078571428571427 0.06857142857143025 0.09000000000000165
1 0.6487499999999984 0.4157142857142855 0.0675000000000016 0.08285714285714453
1 0.7189285714285699 0.4114285714285712 0.0707142857142872 0.08285714285714443
1 0.7199999999999985 0.5071428571428569 0.0707142857142872 0.08285714285714443
1 0.7178571428571415 0.6014285714285712 0.0707142857142872 0.08285714285714443
0 0.47625 0.4821428571428567 0.8132142857142859 0.6985714285714276
