0 0.17633228840125395 0.16718913270637403 0.0642633228840125 0.10031347962382435
0 0.24294670846394978 0.16614420062695928 0.07210031347962408 0.09822361546499475
0 0.3150470219435737 0.1650992685475444 0.07210031347962383 0.10031347962382446
0 0.38009404388714735 0.16927899686520376 0.061128526645768 0.0961337513061651
0 0.5203761755485893 0.16614420062695928 0.06896551724137964 0.09404388714733539
0 0.1065830721003135 0.1671891327063741 0.07210031347962383 0.10031347962382446
0 0.5877742946708464 0.16405433646812959 0.06896551724137964 0.09404388714733539
0 0.6598746081504703 0.16405433646812959 0.06896551724137964 0.09404388714733539
0 0.7304075235109718 0.16405433646812959 0.06896551724137964 0.09404388714733539
0 0.799373040752351 0.16405433646812959 0.06896551724137964 0.09404388714733539
0 0.7993730407523506 0.5256008359456628 0.0846394984326016 0.08986415882967651
0 0.44670846394984326 0.15987460815047025 0.06896551724137964 0.09404388714733539
0 0.8667711598746078 0.2580982236154649 0.07836990595611351 0.0940438871473355
0 0.8675548589341683 0.4399164054336463 0.08307210031348117 0.09404388714733546
0 0.8777429467084629 0.5360501567398116 0.07210031347962449 0.09404388714733546
0 0.8785266457680243 0.8160919540229885 0.0862068965517244 0.09822361546499467
0 0.8025078369905948 0.7251828631138973 0.08463949843260173 0.09613375130616539
0 0.8056426332288394 0.6227795193312431 0.08150470219435707 0.09613375130616539
0 0.7272727272727266 0.6227795193312431 0.08150470219435707 0.09613375130616539
0 0.663009404388714 0.5339602925809818 0.06269592476489041 0.08986415882967622
0 0.5901253918495297 0.5318704284221524 0.07053291536050185 0.09404388714733507
0 0.4529780564263321 0.5318704284221524 0.06269592476489075 0.09404388714733512
0 0.17241379310344793 0.6300940438871472 0.07210031347962452 0.0940438871473352
0 0.5203761755485893 0.5339602925809821 0.06269592476489075 0.09404388714733512
0 0.5909090909090906 0.6300940438871473 0.07210031347962452 0.0940438871473352
0 0.31034482758620663 0.6280041797283176 0.07210031347962452 0.0940438871473352
0 0.31034482758620663 0.722048066875653 0.07210031347962452 0.0940438871473352
0 0.23981191222570503 0.722048066875653 0.07210031347962452 0.0940438871473352
0 0.16927899686520345 0.8140020898641588 0.07210031347962452 0.0940438871473352
0 0.8032915360501564 0.34796238244514094 0.07053291536050227 0.09404388714733525
0 0.10188087774294637 0.6300940438871472 0.06583072100313546 0.08986415882967594
0 0.10109717868338523 0.533960292580982 0.07053291536050227 0.0898641588296759
0 0.10109717868338523 0.4420062695924763 0.07053291536050227 0.0898641588296759
0 0.10423197492162975 0.35005224660397055 0.07053291536050227 0.0898641588296759
0 0.17789968652037583 0.2601880877742945 0.07053291536050227 0.0898641588296759
0 0.1763322884012536 0.3479623824451409 0.07053291536050227 0.0898641588296759
0 0.1747648902821313 0.4420062695924763 0.07053291536050227 0.0898641588296759
0 0.17163009404388677 0.5360501567398117 0.07053291536050227 0.0898641588296759
0 0.24529780564263287 0.43991640543364663 0.07053291536050227 0.0898641588296759
0 0.24686520376175516 0.34587251828631116 0.07053291536050227 0.0898641588296759
0 0.3142633228840122 0.25809822361546475 0.07053291536050227 0.0898641588296759
0 0.3832288401253915 0.34587251828631116 0.07053291536050227 0.0898641588296759
0 0.44592476489028177 0.2580982236154648 0.07053291536050227 0.0898641588296759
0 0.5180250783699055 0.2601880877742945 0.07053291536050227 0.0898641588296759
0 0.5885579937304072 0.25600835945663514 0.07053291536050227 0.0898641588296759
0 0.6575235109717865 0.2580982236154648 0.07053291536050227 0.0898641588296759
0 0.7296238244514103 0.2601880877742945 0.07053291536050227 0.0898641588296759
0 0.31112852664576757 0.5318704284221524 0.07053291536050227 0.0898641588296759
0 0.7296238244514103 0.3521421107628002 0.07053291536050227 0.0898641588296759
0 0.6606583072100309 0.35005224660397055 0.07053291536050227 0.0898641588296759
0 0.5901253918495294 0.35005224660397055 0.07053291536050227 0.0898641588296759
0 0.5180250783699055 0.35005224660397055 0.07053291536050227 0.0898641588296759
0 0.4537617554858929 0.437826541274817 0.07053291536050227 0.0898641588296759
0 0.5211598746081499 0.437826541274817 0.07053291536050227 0.0898641588296759
0 0.5901253918495294 0.4420062695924763 0.07053291536050227 0.0898641588296759
0 0.38322884012539143 0.533960292580982 0.07053291536050227 0.0898641588296759
