0 0.15857142857142853 0.7928571428571416 0.06214285714285725 0.08285714285714367
0 0.845357142857142 0.7842857142857141 0.0685714285714288 0.08285714285714249
0 0.16446428571428565 0.30357142857142866 0.06535714285714272 0.0757142857142857
0 0.1633928571428571 0.3814285714285716 0.06321428571428561 0.07999999999999999
0 0.16339285714285712 0.46285714285714286 0.06321428571428564 0.07999999999999997
0 0.1601785714285714 0.5428571428571429 0.06107142857142855 0.0771428571428573
0 0.15910714285714278 0.6299999999999993 0.06321428571428564 0.07714285714285744
0 0.1596428571428571 0.7107142857142845 0.062142857142857215 0.07571428571428593
0 0.16392857142857134 0.22357142857142864 0.06428571428571421 0.08428571428571431
0 0.2201785714285711 0.7921428571428569 0.06535714285714284 0.08142857142857148
0 0.3439285714285712 0.7921428571428567 0.05999999999999999 0.08428571428571466
0 0.34714285714285703 0.22142857142857142 0.05999999999999993 0.07999999999999988
0 0.40607142857142847 0.22142857142857142 0.05999999999999993 0.07999999999999988
0 0.4682142857142855 0.21857142857142858 0.05999999999999993 0.07999999999999988
0 0.5860714285714281 0.2185714285714286 0.05785714285714291 0.0799999999999999
0 0.7205357142857137 0.7842857142857139 0.06321428571428571 0.08571428571428558
0 0.7076785714285709 0.2142857142857143 0.06107142857142875 0.07999999999999989
0 0.7960714285714287 0.21285714285714286 0.004285714285714306 0.00571428571428573
0 0.7832142857142835 0.7857142857142853 0.06642857142857067 0.08285714285714249
0 0.22499999999999992 0.22142857142857142 0.05999999999999993 0.07999999999999988
0 0.2249999999999998 0.3007142857142857 0.05999999999999993 0.08142857142857128
0 0.2217857142857141 0.3821428571428572 0.05999999999999993 0.08142857142857128
0 0.22285714285714267 0.46642857142857147 0.05999999999999993 0.08142857142857128
0 0.22232142857142836 0.5435714285714287 0.0589285714285713 0.07285714285714276
0 0.22124999999999975 0.6271428571428573 0.06107142857142855 0.07714285714285705
0 0.22124999999999975 0.7078571428571427 0.06107142857142855 0.08142857142857148
0 0.2860714285714285 0.22142857142857142 0.05999999999999993 0.07999999999999988
0 0.285 0.30000000000000004 0.05999999999999977 0.0742857142857142
0 0.28285714285714286 0.38000000000000006 0.05999999999999977 0.07714285714285705
0 0.28285714285714275 0.4607142857142857 0.059999999999999824 0.07571428571428568
0 0.28232142857142856 0.5435714285714284 0.05892857142857129 0.07571428571428583
0 0.28339285714285706 0.6257142857142853 0.05892857142857129 0.07714285714285726
0 0.2823214285714285 0.7049999999999997 0.058928571428571344 0.08142857142857168
0 0.28339285714285706 0.7878571428571426 0.058928571428571344 0.08142857142857168
0 0.4698214285714286 0.7899999999999997 0.05892857142857198 0.08571428571428623
0 0.3449999999999999 0.379285714285714 0.05571428571428569 0.07857142857142889
0 0.34392857142857136 0.45857142857142835 0.05571428571428569 0.08000000000000032
0 0.3449999999999999 0.5421428571428568 0.0557142857142857 0.07571428571428639
0 0.3449999999999999 0.6249999999999997 0.0557142857142857 0.07571428571428639
0 0.3449999999999999 0.7071428571428569 0.05785714285714247 0.07714285714285739
0 0.3449999999999999 0.30071428571428543 0.05571428571428569 0.07857142857142889
0 0.4060714285714285 0.29928571428571404 0.05571428571428569 0.07857142857142889
0 0.4049999999999999 0.38071428571428556 0.05571428571428569 0.07857142857142889
0 0.4066071428571428 0.45928571428571385 0.0567857142857146 0.07571428571428586
0 0.4076785714285714 0.5392857142857139 0.0567857142857146 0.07571428571428586
0 0.40875 0.6221428571428568 0.0567857142857146 0.07571428571428586
0 0.40875000000000017 0.7064285714285714 0.0567857142857146 0.07857142857142842
0 0.4092857142857145 0.79 0.05785714285714301 0.082857142857143
0 0.46821428571428586 0.3007142857142856 0.05785714285714301 0.08142857142857157
0 0.46660714285714283 0.37642857142857117 0.056785714285714536 0.07285714285714337
0 0.46928571428571403 0.45642857142857146 0.05571428571428602 0.07285714285714337
0 0.470892857142857 0.5378571428571429 0.05678571428571457 0.07571428571428614
0 0.46982142857142845 0.6235714285714287 0.05678571428571457 0.07571428571428614
0 0.4708928571428572 0.7049999999999998 0.05892857142857175 0.07857142857142912
0 0.8266071428571422 0.21285714285714286 0.06964285714285683 0.08571428571428545
0 0.8292857142857133 0.2914285714285714 0.06642857142857121 0.0799999999999999
0 0.832499999999999 0.3728571428571428 0.06642857142857121 0.0799999999999999
0 0.8357142857142849 0.4549999999999999 0.06642857142857138 0.07571428571428554
0 0.8389285714285706 0.5364285714285714 0.06642857142857138 0.07571428571428554
0 0.8405357142857133 0.6185714285714287 0.06535714285714304 0.07428571428571405
0 0.8421428571428562 0.7021428571428571 0.06857142857142892 0.08142857142857104
0 0.5260714285714283 0.2185714285714286 0.05785714285714291 0.0799999999999999
0 0.5282142857142853 0.2971428571428572 0.05785714285714291 0.0799999999999999
0 0.5271428571428568 0.37857142857142856 0.05785714285714291 0.0799999999999999
0 0.5292857142857137 0.45714285714285735 0.05571428571428592 0.07714285714285679
0 0.5324999999999993 0.5385714285714284 0.05785714285714289 0.07714285714285664
0 0.5324999999999993 0.6214285714285712 0.05785714285714289 0.07714285714285664
0 0.5324999999999993 0.7042857142857141 0.05785714285714289 0.07714285714285664
0 0.5324999999999993 0.7885714285714286 0.06000000000000011 0.08571428571428463
0 0.5871428571428562 0.29571428571428565 0.057857142857143294 0.07999999999999888
0 0.5887499999999991 0.3785714285714286 0.058928571428571865 0.07999999999999889
0 0.5908928571428561 0.45714285714285724 0.058928571428571865 0.07999999999999889
0 0.5919642857142847 0.5371428571428575 0.05892857142857185 0.07714285714285582
0 0.5941071428571415 0.6214285714285718 0.061071428571428846 0.07999999999999846
0 0.593035714285713 0.7028571428571432 0.061071428571428846 0.07999999999999846
0 0.5935714285714272 0.787142857142857 0.06000000000000036 0.08571428571428445
0 0.6466071428571425 0.2185714285714286 0.06107142857142875 0.07999999999999989
0 0.6476785714285711 0.2957142857142857 0.06107142857142875 0.07999999999999989
0 0.6482142857142855 0.3757142857142856 0.06214285714285721 0.07999999999999992
0 0.6503571428571426 0.4585714285714285 0.06214285714285721 0.07999999999999992
0 0.6524999999999999 0.5385714285714284 0.05999999999999995 0.07999999999999997
0 0.6551785714285714 0.6214285714285711 0.06107142857142839 0.07999999999999993
0 0.6557142857142852 0.7014285714285711 0.06428571428571464 0.08285714285714291
0 0.6562499999999996 0.787142857142857 0.06535714285714321 0.08571428571428577
0 0.7076785714285705 0.29714285714285693 0.0632142857142862 0.08000000000000011
0 0.7098214285714276 0.377142857142857 0.0632142857142862 0.08000000000000011
0 0.7114285714285705 0.4571428571428571 0.06214285714285752 0.07714285714285729
0 0.7146428571428562 0.5385714285714285 0.06214285714285752 0.07714285714285729
0 0.7162499999999992 0.6207142857142857 0.06107142857142882 0.07857142857142871
0 0.7167857142857134 0.702142857142857 0.06428571428571465 0.0757142857142856
0 0.7639285714285705 0.2157142857142857 0.06642857142857174 0.08285714285714266
0 0.7682142857142844 0.2942857142857142 0.06642857142857085 0.08285714285714263
0 0.769285714285713 0.37714285714285717 0.06428571428571367 0.07999999999999986
0 0.7735714285714266 0.455 0.06428571428571361 0.07571428571428548
0 0.7735714285714266 0.5364285714285715 0.06428571428571361 0.07571428571428548
0 0.7778571428571407 0.6214285714285714 0.0642857142857136 0.07428571428571415
0 0.7778571428571407 0.7035714285714287 0.06642857142857075 0.07571428571428558
